$ time mix run proj1.exs 1000000000 26
25
301
454
3850
31966
47569
393925
3261481
4852834
37025947
38076548
39127149
41228351
42278952
43329553
81359249
82409850
120543576
143864858
155525499
167186140
188406220
201117462
211727502
212778103
233998183
245658824
256268864
265828303
276438343
277488944
288098984
289149585
290200186
298709024
299759625
310369665
311420266
322030306
331589745
332640346
353860426
363419865
365521067
366571668
372979304
374029905
379282910
384639945
385690546
386741147
390943551
397351187
399452389
409011828
417520666
429181307
431282509
433383711
439791347
440841948
442943150
451451988
454603791
455654392
462062028
464163230
470570866
473722669
474773270
475823871
485383310
486433911
494942749
500299784
506603390
519314632
522570465
525722268
526772869
533076475
545891747
549043550
551144752
554296555
559653590
561754792
570263630
575516635
577721867
580873670
589382508
593584912
598941947
599992548
602093750
608397356
610498558
613754391
615855593
623313830
624364431
630772067
631822668
633923870
634974471
640331506
642432708
645584511
647685713
654093349
667855192
668905793
669956394
675313429
676364030
677414631
681617035
684872868
686974070
688024671
689075272
690125873
691176474
700735913
707143549
708194150
710295352
711345953
716702988
719854791
720905392
721955993
724057195
736872467
748533108
751684911
752735512
753786113
759143148
763345552
764396153
765342724
765446754
767547956
770699759
776056794
779208597
780363228
784565632
785720263
789922667
790973268
793074470
796226273
798327475
806836313
811038717
815345151
818496954
828056393
831208196
837615832
840767635
847071241
849276473
850327074
851377675
860937114
861987715
864088917
865243548
872597755
882157194
883207795
884258396
893817835
901276072
902326673
903377274
905478476
906529077
909680880
909784910
910835511
911886112
915037915
918189718
920394950
925647955
933106192
934156793
935207394
936257995
937308596
939409798
945817434
948969237
954326272
955376873
956427474
957478075
958528676
959579277
961680479
961784509
962835110
963885711
967037514
969138716
970189317
971239918
974391721
978698155
986156392
987206993
990358796
991409397
995715831
996766432
997817033
CPU time: 6965754 ms Real time: 906040 ms Time ratio: 7.68813076685356
mix run proj1.exs 1000000000 26  6966.74s user 50.45s system 773% cpu 15:06.80 total
